{
  "asset": {
    "version": "2.0",
    "generator": "3dpea GLTFExporter"
  },
  "scenes": [
    {
      "name": "AuxScene",
      "nodes": [
        47
      ]
    }
  ],
  "scene": 0,
  "nodes": [
    {
      "matrix": [
        1,
        -2.87188028848716e-28,
        8.07793566946316e-28,
        0,
        2.87188028848716e-28,
        1,
        1.1599432110399289e-55,
        0,
        -8.07793566946316e-28,
        1.1599432110399289e-55,
        1,
        0,
        -5.42101074125849e-22,
        0.355820924043655,
        8.88178399847791e-18,
        1
      ],
      "name": "mixamorigHeadTop_End_end",
      "extras": {
        "name": "mixamorig:HeadTop_End_end"
      }
    },
    {
      "matrix": [
        1,
        -4.05443178039332e-22,
        -1.301032318923736e-22,
        0,
        4.05443178039332e-22,
        1,
        -1.151361547969261e-45,
        0,
        1.301032318923736e-22,
        -5.159810626366286e-44,
        1,
        0,
        9.65043068243757e-14,
        0.352080076932907,
        0.0514590255916119,
        1
      ],
      "name": "mixamorigHeadTop_End",
      "extras": {
        "name": "mixamorig:HeadTop_End"
      },
      "children": [
        0
      ]
    },
    {
      "matrix": [
        1,
        1.288622792199916e-21,
        -1.301032318923736e-22,
        0,
        -1.2886226385841079e-21,
        0.99999988079071,
        1.344410699051884e-17,
        0,
        1.301032318923736e-22,
        -1.344410859318148e-17,
        1,
        0,
        7.32120053058456e-14,
        0.0343379192054272,
        0.00501873530447483,
        1
      ],
      "name": "mixamorigHead",
      "extras": {
        "name": "mixamorig:Head"
      },
      "children": [
        1
      ]
    },
    {
      "matrix": [
        1,
        -4.548390133996e-13,
        8.713536864552696e-14,
        0,
        4.551938851727141e-13,
        0.9999915255948593,
        -0.004116884446402904,
        0,
        -8.526210538144213e-14,
        0.004116884201017468,
        0.9999914659907194,
        0,
        7.21236696125775e-14,
        0.185848787426949,
        -8.94069651646845e-10,
        1
      ],
      "name": "mixamorigNeck",
      "extras": {
        "name": "mixamorig:Neck"
      },
      "children": [
        2
      ]
    },
    {
      "matrix": [
        1,
        -2.3947971802426073e-48,
        2.7755575615629e-17,
        0,
        -1.5407439555097904e-33,
        1,
        5.55111512312578e-17,
        0,
        -2.7755575615629e-17,
        -5.55111512312578e-17,
        1,
        0,
        -1.42108543975646e-16,
        0.0415920726954937,
        7.10542719878232e-17,
        1
      ],
      "name": "mixamorigLeftHandIndex4_end",
      "extras": {
        "name": "mixamorig:LeftHandIndex4_end"
      }
    },
    {
      "matrix": [
        0.9999999403953413,
        1.6391279291163944e-7,
        1.862644045946714e-8,
        0,
        -1.6391278088653477e-7,
        0.9999998807906892,
        -1.2107192179366957e-7,
        0,
        -1.8626461414929583e-8,
        1.2107193317345528e-7,
        0.9999999999999925,
        0,
        -0.0135912830010056,
        0.0317891128361225,
        -0.0231222119182348,
        1
      ],
      "name": "mixamorigLeftHandIndex4",
      "extras": {
        "name": "mixamorig:LeftHandIndex4"
      },
      "children": [
        4
      ]
    },
    {
      "matrix": [
        0.969106181783841,
        0.18331231091445668,
        -0.1650141979213711,
        0,
        -0.1626985571526052,
        0.9779553381052165,
        0.13089222408569265,
        0,
        0.18537068296929682,
        -0.10000089737259832,
        0.9775672706108992,
        0,
        -0.0433680303394794,
        0.0592361725866795,
        -0.0310464017093182,
        1
      ],
      "name": "mixamorigLeftHandIndex3",
      "extras": {
        "name": "mixamorig:LeftHandIndex3"
      },
      "children": [
        5
      ]
    },
    {
      "matrix": [
        0.8301815748245923,
        -0.5440769199341554,
        -0.12156931307262363,
        0,
        0.5440770596812722,
        0.7431532593882231,
        0.38949149771763214,
        0,
        -0.12156866590205938,
        -0.38949162328247505,
        0.9129716405207474,
        0,
        -2.21891014007269e-7,
        0.0554235205054283,
        8.67124327896818e-9,
        1
      ],
      "name": "mixamorigLeftHandIndex2",
      "extras": {
        "name": "mixamorig:LeftHandIndex2"
      },
      "children": [
        6
      ]
    },
    {
      "matrix": [
        -0.09500543486086377,
        -0.000003910259587128991,
        -0.9954767587728157,
        0,
        -7.730297062621021e-7,
        1.0000001192015635,
        -0.000003854251761526806,
        0,
        0.995476877450273,
        4.0335825739739155e-7,
        -0.09500544618868281,
        0,
        -8.68531024877939e-10,
        0.089476078748703,
        -6.73413111940135e-8,
        1
      ],
      "name": "mixamorigLeftHandIndex1",
      "extras": {
        "name": "mixamorig:LeftHandIndex1"
      },
      "children": [
        7
      ]
    },
    {
      "matrix": [
        0.9999968095048185,
        -8.68205390535928e-7,
        -0.002526060118135167,
        0,
        8.707150202453913e-7,
        0.9999999403944835,
        9.924164288410814e-7,
        0,
        0.002526059966706428,
        -9.946127409281573e-7,
        0.9999967499002481,
        0,
        -1.56778687254722e-10,
        0.285288751125336,
        -1.62652575852462e-8,
        1
      ],
      "name": "mixamorigLeftHand",
      "extras": {
        "name": "mixamorig:LeftHand"
      },
      "children": [
        8
      ]
    },
    {
      "matrix": [
        0.9999871976465894,
        7.687778576596104e-7,
        0.0050600930233729614,
        0,
        -7.720067525778122e-7,
        0.9999997615809206,
        6.361927685406096e-7,
        0,
        -0.005060093022881339,
        -6.400912025090846e-7,
        0.9999871976466825,
        0,
        1.95264870939127e-9,
        0.295018017292023,
        8.28356121473917e-8,
        1
      ],
      "name": "mixamorigLeftForeArm",
      "extras": {
        "name": "mixamorig:LeftForeArm"
      },
      "children": [
        9
      ]
    },
    {
      "matrix": [
        0.9998713477941626,
        -0.015707611119768372,
        -0.0032494316236054066,
        0,
        0.014767517171632272,
        0.9805336035075883,
        -0.19579522905746774,
        0,
        0.006261650809166603,
        0.19572200686620228,
        0.9806391843175482,
        0,
        -2.98023217215615e-10,
        0.199720144271851,
        1.16812294947977e-7,
        1
      ],
      "name": "mixamorigLeftArm",
      "extras": {
        "name": "mixamorig:LeftArm"
      },
      "children": [
        10
      ]
    },
    {
      "matrix": [
        0.014766698482133855,
        -0.000016145314404469868,
        -0.9998909718145726,
        0,
        0.9805319354891789,
        -0.19582388551829769,
        0.014483965795971176,
        0,
        -0.195802820624768,
        -0.9806391970080046,
        -0.0028758488071341836,
        0,
        0.100847333669662,
        0.163473576307297,
        0.00145800097379833,
        1
      ],
      "name": "mixamorigLeftShoulder",
      "extras": {
        "name": "mixamorig:LeftShoulder"
      },
      "children": [
        11
      ]
    },
    {
      "matrix": [
        1,
        -6.938893903907221e-17,
        -1.1102230246251559e-16,
        0,
        6.938893903907219e-17,
        1,
        -2.22044604925032e-16,
        0,
        1.1102230246251562e-16,
        2.22044604925032e-16,
        1,
        0,
        0,
        0.047100655734539,
        0,
        1
      ],
      "name": "mixamorigRightHandIndex4_end",
      "extras": {
        "name": "mixamorig:RightHandIndex4_end"
      }
    },
    {
      "matrix": [
        0.9999999403953487,
        -1.1175871615859682e-7,
        1.3969842321132554e-8,
        0,
        1.117587101868105e-7,
        0.9999998807907026,
        -4.936009689523923e-8,
        0,
        -1.3969836804710734e-8,
        4.936010139858206e-8,
        0.9999999403953537,
        0,
        0.0206610150635242,
        0.0363540202379227,
        -0.0216787904500961,
        1
      ],
      "name": "mixamorigRightHandIndex4",
      "extras": {
        "name": "mixamorig:RightHandIndex4"
      },
      "children": [
        13
      ]
    },
    {
      "matrix": [
        0.9951079170362529,
        -0.05732489120801437,
        0.08046024922156905,
        0,
        0.04986788854148964,
        0.9945268987470326,
        0.09181198812612433,
        0,
        -0.08528300461513878,
        -0.08735046385549204,
        0.9925203803037704,
        0,
        0.042690921574831,
        0.0649739280343056,
        -0.0291110128164291,
        1
      ],
      "name": "mixamorigRightHandIndex3",
      "extras": {
        "name": "mixamorig:RightHandIndex3"
      },
      "children": [
        14
      ]
    },
    {
      "matrix": [
        0.8516503520339939,
        0.5142550720314023,
        0.10115908460371202,
        0,
        -0.514255177373374,
        0.7826705908358308,
        0.3506682757872232,
        0,
        0.10115871093652655,
        -0.35066838532008154,
        0.9310201284348286,
        0,
        -5.27140215922373e-8,
        0.0568271428346634,
        7.68384733618177e-9,
        1
      ],
      "name": "mixamorigRightHandIndex2",
      "extras": {
        "name": "mixamorig:RightHandIndex2"
      },
      "children": [
        15
      ]
    },
    {
      "matrix": [
        -0.10792276941490919,
        -0.000009214774521481898,
        0.9941592788817997,
        0,
        -0.0000037046491967001166,
        1.000000357581698,
        0.000008866750006362284,
        0,
        -0.9941595159436462,
        -0.000002726086821528139,
        -0.10792279517485709,
        0,
        2.4498147954688e-10,
        0.0854396820068359,
        4.85923372650632e-8,
        1
      ],
      "name": "mixamorigRightHandIndex1",
      "extras": {
        "name": "mixamorig:RightHandIndex1"
      },
      "children": [
        16
      ]
    },
    {
      "matrix": [
        0.9999971985745829,
        -1.197152932595541e-7,
        0.0023417159004893214,
        0,
        1.395734955437477e-7,
        0.9999999999640349,
        -0.000008480025308112995,
        0,
        -0.0023417158993899127,
        0.000008480328393446449,
        0.9999971985386346,
        0,
        -6.97546020944628e-10,
        0.285240650177002,
        8.03041615426991e-8,
        1
      ],
      "name": "mixamorigRightHand",
      "extras": {
        "name": "mixamorig:RightHand"
      },
      "children": [
        17
      ]
    },
    {
      "matrix": [
        0.9999970563364963,
        1.9903048459131064e-7,
        -0.002426379720057682,
        0,
        -1.9425674155725655e-7,
        0.9999999999980452,
        0.000001967670195204022,
        0,
        0.002426380009691569,
        -0.000001967193296954286,
        0.9999971755435193,
        0,
        -7.24212412261949e-10,
        0.294858366250992,
        3.44665025409086e-8,
        1
      ],
      "name": "mixamorigRightForeArm",
      "extras": {
        "name": "mixamorig:RightForeArm"
      },
      "children": [
        18
      ]
    },
    {
      "matrix": [
        0.9999106859196821,
        -0.01336034050920807,
        0.00004768912815020415,
        0,
        0.013110781676471176,
        0.9805339830121079,
        -0.19591063473276887,
        0,
        0.0025706723081015447,
        0.19589378574856162,
        0.9806216889295049,
        0,
        -1.78813930329369e-9,
        0.199720174074173,
        -1.16589971010939e-9,
        1
      ],
      "name": "mixamorigRightArm",
      "extras": {
        "name": "mixamorig:RightArm"
      },
      "children": [
        19
      ]
    },
    {
      "matrix": [
        -0.013111033218835777,
        -0.00007313077183584982,
        0.9999140229215637,
        0,
        -0.9805328568318992,
        -0.19593202702877988,
        -0.012871254586255978,
        0,
        0.1959161592478392,
        -0.9806173880807668,
        0.0024971895866246446,
        0,
        -0.100847333669662,
        0.163462325930595,
        -0.00127372203860432,
        1
      ],
      "name": "mixamorigRightShoulder",
      "extras": {
        "name": "mixamorig:RightShoulder"
      },
      "children": [
        20
      ]
    },
    {
      "matrix": [
        1,
        -7.216109043580766e-9,
        1.4854033740879412e-11,
        0,
        7.2161086135847365e-9,
        0.9999999403953549,
        -7.916242300511546e-9,
        0,
        -1.4853975731042347e-11,
        7.916242300618735e-9,
        0.999999940395355,
        0,
        -3.62242855611768e-14,
        0.165198817849159,
        2.98023300482342e-10,
        1
      ],
      "name": "mixamorigSpine2",
      "extras": {
        "name": "mixamorig:Spine2"
      },
      "children": [
        3,
        12,
        21
      ]
    },
    {
      "matrix": [
        1,
        7.21474524568655e-9,
        -1.49336725190064e-11,
        0,
        -7.21474481563336e-9,
        0.999999940395355,
        1.396984000754953e-9,
        0,
        1.493368170777383e-11,
        -1.3969840006472104e-9,
        0.999999940395355,
        0,
        -7.884375796555e-14,
        0.144548892974854,
        1.77635679969558e-17,
        1
      ],
      "name": "mixamorigSpine1",
      "extras": {
        "name": "mixamorig:Spine1"
      },
      "children": [
        22
      ]
    },
    {
      "matrix": [
        0.9999999998591599,
        0.000016774648061537996,
        5.399190310094396e-7,
        0,
        -0.000016776728668164693,
        0.9999915256516048,
        0.004116836479154091,
        0,
        -4.708559687287932e-7,
        -0.004116836487632351,
        0.9999915257921895,
        0,
        -7.37827550792436e-13,
        0.123898163437843,
        0.000510078738443553,
        1
      ],
      "name": "mixamorigSpine",
      "extras": {
        "name": "mixamorig:Spine"
      },
      "children": [
        23
      ]
    },
    {
      "matrix": [
        1,
        1.6036588260553174e-50,
        -1.761828530288944e-18,
        0,
        -1.2225141248551785e-35,
        1,
        -6.93889390390722e-18,
        0,
        1.761828530288944e-18,
        6.93889390390722e-18,
        1,
        0,
        0,
        0.0881719291210175,
        0,
        1
      ],
      "name": "mixamorigLeftToe_End_end",
      "extras": {
        "name": "mixamorig:LeftToe_End_end"
      }
    },
    {
      "matrix": [
        1.0000001192092474,
        -2.144661513642808e-7,
        -1.980879705670769e-7,
        0,
        2.1446610190705903e-7,
        0.999999880790687,
        8.458279364783801e-9,
        0,
        1.9808793333217254e-7,
        -8.458322352088591e-9,
        0.9999999403953354,
        0,
        2.09547573737368e-10,
        0.0881718322634697,
        1.41561029565196e-9,
        1
      ],
      "name": "mixamorigLeftToe_End",
      "extras": {
        "name": "mixamorig:LeftToe_End"
      },
      "children": [
        25
      ]
    },
    {
      "matrix": [
        0.9999312092352619,
        1.2684813716778798e-7,
        -0.011724230989908184,
        0,
        0.007583184326297426,
        0.7626561820431921,
        0.6467596602731939,
        0,
        0.008941639904426611,
        -0.6468041147373814,
        0.7626037628335005,
        0,
        -9.99774751875293e-9,
        0.220791980624199,
        -2.02842045382567e-8,
        1
      ],
      "name": "mixamorigLeftToeBase",
      "extras": {
        "name": "mixamorig:LeftToeBase"
      },
      "children": [
        26
      ]
    },
    {
      "matrix": [
        0.9997168115173655,
        0.023415439986053815,
        0.004244285938638616,
        0,
        -0.017845421841081493,
        0.6196801168308144,
        0.7846515187198078,
        0,
        0.015742861055728745,
        -0.7845051022859916,
        0.6199225258915813,
        0,
        2.40768716075479e-9,
        0.501781642436981,
        4.22820445322714e-9,
        1
      ],
      "name": "mixamorigLeftFoot",
      "extras": {
        "name": "mixamorig:LeftFoot"
      },
      "children": [
        27
      ]
    },
    {
      "matrix": [
        0.9988658638982764,
        -0.04760548126545156,
        -0.0008390580159172492,
        0,
        0.04741837157362686,
        0.9962221730025375,
        -0.07275218078731542,
        0,
        0.004299290892087926,
        0.07262988314385142,
        0.9973496959440494,
        0,
        -1.72702130374347e-9,
        0.509957551956177,
        -7.07805147825979e-10,
        1
      ],
      "name": "mixamorigLeftLeg",
      "extras": {
        "name": "mixamorig:LeftLeg"
      },
      "children": [
        28
      ]
    },
    {
      "matrix": [
        -0.9997227876748812,
        -0.02360238362773946,
        0.0009958360850057585,
        0,
        0.023605804933295747,
        -0.9997147196412571,
        0.003625879686290074,
        0,
        0.0009099723054644254,
        0.0036483809354332895,
        0.999994361130319,
        0,
        0.107549197971821,
        -0.0688220486044884,
        0.00510655343532562,
        1
      ],
      "name": "mixamorigLeftUpLeg",
      "extras": {
        "name": "mixamorig:LeftUpLeg"
      },
      "children": [
        29
      ]
    },
    {
      "matrix": [
        1,
        1.3363823550460978e-50,
        -2.00577401909818e-18,
        0,
        -2.7835706227471747e-35,
        1,
        -1.387778780781446e-17,
        0,
        2.00577401909818e-18,
        1.387778780781446e-17,
        1,
        0,
        0,
        0.0890456959605217,
        0,
        1
      ],
      "name": "mixamorigRightToe_End_end",
      "extras": {
        "name": "mixamorig:RightToe_End_end"
      }
    },
    {
      "matrix": [
        1.0000001192092756,
        -1.028092989166763e-7,
        -1.3505633709251595e-7,
        0,
        1.0280926938805899e-7,
        0.9999999403953463,
        -8.252027530519124e-8,
        0,
        1.350563294763978e-7,
        8.252026633873955e-8,
        0.9999999999999875,
        0,
        -8.14441580843095e-9,
        0.0890455916523933,
        -2.23517412911711e-10,
        1
      ],
      "name": "mixamorigRightToe_End",
      "extras": {
        "name": "mixamorig:RightToe_End"
      },
      "children": [
        31
      ]
    },
    {
      "matrix": [
        0.9999314855985723,
        -2.5447769744521625e-8,
        0.011700636766455264,
        0,
        -0.007486384992615279,
        0.7685176458872944,
        0.639784983519369,
        0,
        -0.008992162667819813,
        -0.6398287826419943,
        0.7684650369742122,
        0,
        4.04776079321323e-9,
        0.223121374845505,
        -1.82539217075117e-9,
        1
      ],
      "name": "mixamorigRightToeBase",
      "extras": {
        "name": "mixamorig:RightToeBase"
      },
      "children": [
        32
      ]
    },
    {
      "matrix": [
        0.9997169794376541,
        -0.02342216915671423,
        -0.004166897525233476,
        0,
        0.017657713282691508,
        0.6131761076585625,
        0.7897485017375243,
        0,
        -0.015942581270851835,
        -0.7895986116230025,
        0.6134161847041458,
        0,
        5.72519631703017e-9,
        0.501786828041077,
        2.21654761212164e-9,
        1
      ],
      "name": "mixamorigRightFoot",
      "extras": {
        "name": "mixamorig:RightFoot"
      },
      "children": [
        33
      ]
    },
    {
      "matrix": [
        0.9988660555831206,
        0.04760489758008338,
        0.000784337247011884,
        0,
        -0.047425937471507196,
        0.9962934553042195,
        -0.07176607770780072,
        0,
        -0.004197845789756641,
        0.07164748395522505,
        0.9974211829592023,
        0,
        -2.89350277071776e-9,
        0.509918510913849,
        1.2107193025912e-10,
        1
      ],
      "name": "mixamorigRightLeg",
      "extras": {
        "name": "mixamorig:RightLeg"
      },
      "children": [
        34
      ]
    },
    {
      "matrix": [
        -0.999723409341178,
        0.023569011437568527,
        -0.0009530280993397584,
        0,
        -0.02357244459792946,
        -0.9997143797526938,
        0.003824681863081052,
        0,
        -0.0008626116839602338,
        0.0038460881169247035,
        0.9999931854051249,
        0,
        -0.107549197971821,
        -0.0688219889998436,
        0.00441207597032189,
        1
      ],
      "name": "mixamorigRightUpLeg",
      "extras": {
        "name": "mixamorig:RightUpLeg"
      },
      "children": [
        35
      ]
    },
    {
      "matrix": [
        0.9999999998591599,
        -0.000016774645686302303,
        -5.399253949076817e-7,
        0,
        0.000016774645715566376,
        0.9999999998593042,
        5.419572820240998e-8,
        0,
        5.399244857175783e-7,
        -5.420478525198882e-8,
        0.9999999999998528,
        0,
        0.00000113487237740628,
        1.2385538816452,
        -0.00423075072467327,
        1
      ],
      "name": "mixamorigHips",
      "extras": {
        "name": "mixamorig:Hips"
      },
      "children": [
        24,
        30,
        36
      ]
    },
    {
      "matrix": [
        1,
        0,
        0,
        0,
        0,
        0.9999999999999971,
        -7.5497894158616e-8,
        0,
        0,
        7.5497894158616e-8,
        0.9999999999999971,
        0,
        0,
        0,
        0,
        1
      ],
      "name": "Armature",
      "extras": {
        "name": "Armature"
      },
      "children": [
        37
      ]
    },
    {
      "name": "Helmet_1",
      "mesh": 0,
      "skin": 0
    },
    {
      "name": "Helmet_2",
      "mesh": 1,
      "skin": 1
    },
    {
      "matrix": [
        0.0000045591524245139674,
        -18.09626860469458,
        0.7458091187598087,
        0,
        -0.000006827944285104671,
        -0.7340102743883979,
        -17.80999735183829,
        0,
        17.82462248093594,
        0.0000035755022724313626,
        -0.000006353937370785911,
        0,
        0.0020471157040447,
        2.05835127830505,
        0.057897012680769,
        1
      ],
      "name": "Helmet",
      "extras": {
        "name": "Helmet"
      },
      "children": [
        39,
        40
      ]
    },
    {
      "name": "Body_1",
      "mesh": 2,
      "skin": 2
    },
    {
      "name": "Body_2",
      "mesh": 3,
      "skin": 3
    },
    {
      "name": "Body_3",
      "mesh": 4,
      "skin": 4
    },
    {
      "matrix": [
        16.3448505401611,
        1.2805732791676203e-9,
        1.7345876447598787e-8,
        0,
        1.7345878795593615e-8,
        -0.000004951612065669237,
        -16.34485326581713,
        0,
        -1.280569042158455e-9,
        16.34485326581713,
        -0.000004951612065669237,
        0,
        0.00804315973073244,
        1.37269818782806,
        0.0144741963595152,
        1
      ],
      "name": "Body",
      "extras": {
        "name": "Body"
      },
      "children": [
        42,
        43,
        44
      ]
    },
    {
      "name": "RootNode",
      "extras": {
        "name": "RootNode"
      },
      "children": [
        38,
        41,
        45
      ]
    },
    {
      "name": "Rigged Astronaut.glb",
      "children": [
        46
      ]
    }
  ],
  "bufferViews": [
    {
      "buffer": 0,
      "byteOffset": 0,
      "byteLength": 7520,
      "target": 34962,
      "byteStride": 8
    },
    {
      "buffer": 0,
      "byteOffset": 7520,
      "byteLength": 11280,
      "target": 34962,
      "byteStride": 12
    },
    {
      "buffer": 0,
      "byteOffset": 18800,
      "byteLength": 11280,
      "target": 34962,
      "byteStride": 12
    },
    {
      "buffer": 0,
      "byteOffset": 30080,
      "byteLength": 7520,
      "target": 34962,
      "byteStride": 8
    },
    {
      "buffer": 0,
      "byteOffset": 37600,
      "byteLength": 15040,
      "target": 34962,
      "byteStride": 16
    },
    {
      "buffer": 0,
      "byteOffset": 52640,
      "byteLength": 3144,
      "target": 34963
    },
    {
      "buffer": 0,
      "byteOffset": 55784,
      "byteLength": 2144,
      "target": 34962,
      "byteStride": 8
    },
    {
      "buffer": 0,
      "byteOffset": 57928,
      "byteLength": 3216,
      "target": 34962,
      "byteStride": 12
    },
    {
      "buffer": 0,
      "byteOffset": 61144,
      "byteLength": 3216,
      "target": 34962,
      "byteStride": 12
    },
    {
      "buffer": 0,
      "byteOffset": 64360,
      "byteLength": 2144,
      "target": 34962,
      "byteStride": 8
    },
    {
      "buffer": 0,
      "byteOffset": 66504,
      "byteLength": 4288,
      "target": 34962,
      "byteStride": 16
    },
    {
      "buffer": 0,
      "byteOffset": 70792,
      "byteLength": 888,
      "target": 34963
    },
    {
      "buffer": 0,
      "byteOffset": 71680,
      "byteLength": 64,
      "target": 34962,
      "byteStride": 8
    },
    {
      "buffer": 0,
      "byteOffset": 71744,
      "byteLength": 96,
      "target": 34962,
      "byteStride": 12
    },
    {
      "buffer": 0,
      "byteOffset": 71840,
      "byteLength": 96,
      "target": 34962,
      "byteStride": 12
    },
    {
      "buffer": 0,
      "byteOffset": 71936,
      "byteLength": 64,
      "target": 34962,
      "byteStride": 8
    },
    {
      "buffer": 0,
      "byteOffset": 72000,
      "byteLength": 128,
      "target": 34962,
      "byteStride": 16
    },
    {
      "buffer": 0,
      "byteOffset": 72128,
      "byteLength": 24,
      "target": 34963
    },
    {
      "buffer": 0,
      "byteOffset": 72152,
      "byteLength": 39440,
      "target": 34962,
      "byteStride": 8
    },
    {
      "buffer": 0,
      "byteOffset": 111592,
      "byteLength": 59160,
      "target": 34962,
      "byteStride": 12
    },
    {
      "buffer": 0,
      "byteOffset": 170752,
      "byteLength": 59160,
      "target": 34962,
      "byteStride": 12
    },
    {
      "buffer": 0,
      "byteOffset": 229912,
      "byteLength": 39440,
      "target": 34962,
      "byteStride": 8
    },
    {
      "buffer": 0,
      "byteOffset": 269352,
      "byteLength": 78880,
      "target": 34962,
      "byteStride": 16
    },
    {
      "buffer": 0,
      "byteOffset": 348232,
      "byteLength": 14376,
      "target": 34963
    },
    {
      "buffer": 0,
      "byteOffset": 362608,
      "byteLength": 10848,
      "target": 34962,
      "byteStride": 8
    },
    {
      "buffer": 0,
      "byteOffset": 373456,
      "byteLength": 16272,
      "target": 34962,
      "byteStride": 12
    },
    {
      "buffer": 0,
      "byteOffset": 389728,
      "byteLength": 16272,
      "target": 34962,
      "byteStride": 12
    },
    {
      "buffer": 0,
      "byteOffset": 406000,
      "byteLength": 10848,
      "target": 34962,
      "byteStride": 8
    },
    {
      "buffer": 0,
      "byteOffset": 416848,
      "byteLength": 21696,
      "target": 34962,
      "byteStride": 16
    },
    {
      "buffer": 0,
      "byteOffset": 438544,
      "byteLength": 4080,
      "target": 34963
    },
    {
      "buffer": 0,
      "byteOffset": 442624,
      "byteLength": 2112
    },
    {
      "buffer": 0,
      "byteOffset": 444736,
      "byteLength": 2112
    },
    {
      "buffer": 0,
      "byteOffset": 446848,
      "byteLength": 2112
    },
    {
      "buffer": 0,
      "byteOffset": 448960,
      "byteLength": 2112
    },
    {
      "buffer": 0,
      "byteOffset": 451072,
      "byteLength": 2112
    }
  ],
  "buffers": [
    {
      "byteLength": 453184,
